-1.80000000e+00 -3.09796633e-12 
-1.79000000e+00 -2.98427949e-12 
-1.78000000e+00 -2.89901436e-12 
-1.77000000e+00 -2.78532752e-12 
-1.76000000e+00 -2.70006240e-12 
-1.75000000e+00 -2.61479727e-12 
-1.74000000e+00 -2.50111043e-12 
-1.73000000e+00 -2.44426701e-12 
-1.72000000e+00 -2.38742359e-12 
-1.71000000e+00 -2.35900188e-12 
-1.70000000e+00 -2.27373675e-12 
-1.69000000e+00 -2.24531505e-12 
-1.68000000e+00 -2.13162821e-12 
-1.67000000e+00 -2.10320650e-12 
-1.66000000e+00 -2.01794137e-12 
-1.65000000e+00 -2.01794137e-12 
-1.64000000e+00 -1.98951966e-12 
-1.63000000e+00 -1.93267624e-12 
-1.62000000e+00 -1.87583282e-12 
-1.61000000e+00 -1.84741111e-12 
-1.60000000e+00 -1.81898940e-12 
-1.59000000e+00 -1.81898940e-12 
-1.58000000e+00 -1.79056769e-12 
-1.57000000e+00 -1.70530257e-12 
-1.56000000e+00 -1.67688086e-12 
-1.55000000e+00 -1.70530257e-12 
-1.54000000e+00 -1.64845915e-12 
-1.53000000e+00 -1.64845915e-12 
-1.52000000e+00 -1.59161573e-12 
-1.51000000e+00 -1.62003744e-12 
-1.50000000e+00 -1.59161573e-12 
-1.49000000e+00 -1.59161573e-12 
-1.48000000e+00 -1.56319402e-12 
-1.47000000e+00 -1.53477231e-12 
-1.46000000e+00 -1.50635060e-12 
-1.45000000e+00 -1.47792889e-12 
-1.44000000e+00 -1.50635060e-12 
-1.43000000e+00 -1.47792889e-12 
-1.42000000e+00 -1.44950718e-12 
-1.41000000e+00 -1.44950718e-12 
-1.40000000e+00 -1.42108547e-12 
-1.39000000e+00 -1.42108547e-12 
-1.38000000e+00 -1.39266376e-12 
-1.37000000e+00 -1.42108547e-12 
-1.36000000e+00 -1.39266376e-12 
-1.35000000e+00 -1.36424205e-12 
-1.34000000e+00 -1.36424205e-12 
-1.33000000e+00 -1.30739863e-12 
-1.32000000e+00 -1.36424205e-12 
-1.31000000e+00 -1.30739863e-12 
-1.30000000e+00 -1.30739863e-12 
-1.29000000e+00 -1.27897692e-12 
-1.28000000e+00 -1.27897692e-12 
-1.27000000e+00 -1.25055521e-12 
-1.26000000e+00 -1.25055521e-12 
-1.25000000e+00 -1.25055521e-12 
-1.24000000e+00 -1.22213351e-12 
-1.23000000e+00 -1.22213351e-12 
-1.22000000e+00 -1.19371180e-12 
-1.21000000e+00 -1.19371180e-12 
-1.20000000e+00 -1.19371180e-12 
-1.19000000e+00 -1.16529009e-12 
-1.18000000e+00 -1.16529009e-12 
-1.17000000e+00 -1.19371180e-12 
-1.16000000e+00 -1.16529009e-12 
-1.15000000e+00 -1.13686838e-12 
-1.14000000e+00 -1.13686838e-12 
-1.13000000e+00 -1.13686838e-12 
-1.12000000e+00 -1.10844667e-12 
-1.11000000e+00 -1.10844667e-12 
-1.10000000e+00 -1.10844667e-12 
-1.09000000e+00 -1.08002496e-12 
-1.08000000e+00 -1.08002496e-12 
-1.07000000e+00 -1.08002496e-12 
-1.06000000e+00 -1.05160325e-12 
-1.05000000e+00 -1.05160325e-12 
-1.04000000e+00 -1.05160325e-12 
-1.03000000e+00 -1.02318154e-12 
-1.02000000e+00 -1.02318154e-12 
-1.01000000e+00 -1.02318154e-12 
-1.00000000e+00 -9.94759830e-13 
-9.90000000e-01 -9.94759830e-13 
-9.80000000e-01 -9.66338121e-13 
-9.70000000e-01 -9.66338121e-13 
-9.60000000e-01 -9.66338121e-13 
-9.50000000e-01 -9.66338121e-13 
-9.40000000e-01 -9.37916411e-13 
-9.30000000e-01 -9.37916411e-13 
-9.20000000e-01 -9.09494702e-13 
-9.10000000e-01 -9.09494702e-13 
-9.00000000e-01 -8.95283847e-13 
-8.90000000e-01 -8.81072992e-13 
-8.80000000e-01 -8.81072992e-13 
-8.70000000e-01 -8.66862138e-13 
-8.60000000e-01 -8.66862138e-13 
-8.50000000e-01 -8.52651283e-13 
-8.40000000e-01 -8.38440428e-13 
-8.30000000e-01 -8.38440428e-13 
-8.20000000e-01 -8.24229573e-13 
-8.10000000e-01 -8.10018719e-13 
-8.00000000e-01 -8.10018719e-13 
-7.90000000e-01 -7.95807864e-13 
-7.80000000e-01 -7.81597009e-13 
-7.70000000e-01 -7.81597009e-13 
-7.60000000e-01 -7.53175300e-13 
-7.50000000e-01 -7.38964445e-13 
-7.40000000e-01 -7.38964445e-13 
-7.30000000e-01 -7.24753590e-13 
-7.20000000e-01 -7.10542736e-13 
-7.10000000e-01 -7.10542736e-13 
-7.00000000e-01 -6.96331881e-13 
-6.90000000e-01 -6.82121026e-13 
-6.80000000e-01 -6.82121026e-13 
-6.70000000e-01 -6.67910172e-13 
-6.60000000e-01 -6.53699317e-13 
-6.50000000e-01 -6.53699317e-13 
-6.40000000e-01 -6.39488462e-13 
-6.30000000e-01 -6.25277607e-13 
-6.20000000e-01 -6.25277607e-13 
-6.10000000e-01 -6.11066753e-13 
-6.00000000e-01 -5.96855898e-13 
-5.90000000e-01 -5.96855898e-13 
-5.80000000e-01 -5.82645043e-13 
-5.70000000e-01 -5.68434189e-13 
-5.60000000e-01 -5.68434189e-13 
-5.50000000e-01 -5.54223334e-13 
-5.40000000e-01 -5.25801624e-13 
-5.30000000e-01 -5.25801624e-13 
-5.20000000e-01 -5.11590770e-13 
-5.10000000e-01 -4.97379915e-13 
-5.00000000e-01 -4.97379915e-13 
-4.90000000e-01 -4.83169060e-13 
-4.80000000e-01 -4.83169060e-13 
-4.70000000e-01 -4.68958206e-13 
-4.60000000e-01 -4.61852778e-13 
-4.50000000e-01 -4.54747351e-13 
-4.40000000e-01 -4.47641924e-13 
-4.30000000e-01 -4.33431069e-13 
-4.20000000e-01 -4.26325641e-13 
-4.10000000e-01 -4.19220214e-13 
-4.00000000e-01 -4.05009359e-13 
-3.90000000e-01 -3.97903932e-13 
-3.80000000e-01 -3.90798505e-13 
-3.70000000e-01 -3.76587650e-13 
-3.60000000e-01 -3.62376795e-13 
-3.50000000e-01 -3.55271368e-13 
-3.40000000e-01 -3.48165941e-13 
-3.30000000e-01 -3.33955086e-13 
-3.20000000e-01 -3.26849658e-13 
-3.10000000e-01 -3.19744231e-13 
-3.00000000e-01 -3.05533376e-13 
-2.90000000e-01 -2.98427949e-13 
-2.80000000e-01 -2.91322522e-13 
-2.70000000e-01 -2.77111667e-13 
-2.60000000e-01 -2.70006240e-13 
-2.50000000e-01 -2.55795385e-13 
-2.40000000e-01 -2.48689958e-13 
-2.30000000e-01 -2.38031816e-13 
-2.20000000e-01 -2.23820962e-13 
-2.10000000e-01 -2.16715534e-13 
-2.00000000e-01 -2.06057393e-13 
-1.90000000e-01 -1.98951966e-13 
-1.80000000e-01 -1.88293825e-13 
-1.70000000e-01 -1.74082970e-13 
-1.60000000e-01 -1.66977543e-13 
-1.50000000e-01 -1.56319402e-13 
-1.40000000e-01 -1.42108547e-13 
-1.30000000e-01 -1.35003120e-13 
-1.20000000e-01 -1.24344979e-13 
-1.10000000e-01 -1.15463195e-13 
-1.00000000e-01 -1.06581410e-13 
-9.00000000e-02 -9.59232693e-14 
-8.00000000e-02 -8.34887715e-14 
-7.00000000e-02 -7.46069873e-14 
-6.00000000e-02 -6.39488462e-14 
-5.00000000e-02 -5.50670620e-14 
-4.00000000e-02 -4.35207426e-14 
-3.00000000e-02 -3.37507799e-14 
-2.00000000e-02 -2.22044605e-14 
-1.00000000e-02 -1.13242749e-14 
 1.41900380e-15  1.66607423e-27 
 1.00000000e-02  1.19904087e-14 
 2.00000000e-02  2.53130850e-14 
 3.00000000e-02  3.81916720e-14 
 4.00000000e-02  5.24025268e-14 
 5.00000000e-02  6.92779167e-14 
 6.00000000e-02  8.52651283e-14 
 7.00000000e-02  1.06581410e-13 
 8.00000000e-02  1.38555833e-13 
 9.00000000e-02  1.72306613e-13 
 1.00000000e-01  2.11386464e-13 
 1.10000000e-01  2.61124455e-13 
 1.20000000e-01  3.26849658e-13 
 1.30000000e-01  4.19220214e-13 
 1.40000000e-01  5.32907052e-13 
 1.50000000e-01  6.96331881e-13 
 1.60000000e-01  9.20152843e-13 
 1.70000000e-01  1.22213351e-12 
 1.80000000e-01  1.65911729e-12 
 1.90000000e-01  2.24886776e-12 
 2.00000000e-01  3.09441361e-12 
 2.10000000e-01  4.28812541e-12 
 2.20000000e-01  5.98632255e-12 
 2.30000000e-01  8.41282599e-12 
 2.40000000e-01  1.19015908e-11 
 2.50000000e-01  1.69109171e-11 
 2.60000000e-01  2.41726639e-11 
 2.70000000e-01  3.46531692e-11 
 2.80000000e-01  4.98801001e-11 
 2.90000000e-01  7.20419280e-11 
 3.00000000e-01  1.04307674e-10 
 3.10000000e-01  1.51381130e-10 
 3.20000000e-01  2.20090612e-10 
 3.30000000e-01  3.20433458e-10 
 3.40000000e-01  4.66940264e-10 
 3.50000000e-01  6.80735468e-10 
 3.60000000e-01  9.92343985e-10 
 3.70000000e-01  1.44576973e-09 
 3.80000000e-01  2.10400231e-09 
 3.90000000e-01  3.05670511e-09 
 4.00000000e-01  4.43061055e-09 
 4.10000000e-01  6.40320508e-09 
 4.20000000e-01  9.22103283e-09 
 4.30000000e-01  1.32227598e-08 
 4.40000000e-01  1.88686897e-08 
 4.50000000e-01  2.67770730e-08 
 4.60000000e-01  3.77686789e-08 
 4.70000000e-01  5.29202282e-08 
 4.80000000e-01  7.36288825e-08 
 4.90000000e-01  1.01690134e-07 
 5.00000000e-01  1.39393407e-07 
 5.10000000e-01  1.89642023e-07 
 5.20000000e-01  2.56107327e-07 
 5.30000000e-01  3.43431253e-07 
 5.40000000e-01  4.57494963e-07 
 5.50000000e-01  6.05778339e-07 
 5.60000000e-01  7.97837941e-07 
 5.70000000e-01  1.04593863e-06 
 5.80000000e-01  1.36587444e-06 
 5.90000000e-01  1.77801552e-06 
 6.00000000e-01  2.30860570e-06 
 6.10000000e-01  2.99131354e-06 
 6.20000000e-01  3.86899421e-06 
 6.30000000e-01  4.99555719e-06 
 6.40000000e-01  6.43774635e-06 
 6.50000000e-01  8.27655178e-06 
 6.60000000e-01  1.06079009e-05 
 6.70000000e-01  1.35422560e-05 
 6.80000000e-01  1.72028027e-05 
 6.90000000e-01  2.17220414e-05 
 7.00000000e-01  2.72367729e-05 
 7.10000000e-01  3.38816430e-05 
 7.20000000e-01  4.17815919e-05 
 7.30000000e-01  5.10438850e-05 
 7.40000000e-01  6.17512938e-05 
 7.50000000e-01  7.39601092e-05 
 7.60000000e-01  8.77101132e-05 
 7.70000000e-01  1.03055771e-04 
 7.80000000e-01  1.20121651e-04 
 7.90000000e-01  1.39167052e-04 
 8.00000000e-01  1.60631498e-04 
 8.10000000e-01  1.85146414e-04 
 8.20000000e-01  2.13524747e-04 
 8.30000000e-01  2.46746287e-04 
 8.40000000e-01  2.85942773e-04 
 8.50000000e-01  3.32374661e-04 
 8.60000000e-01  3.87389301e-04 
 8.70000000e-01  4.52355051e-04 
 8.80000000e-01  5.28574048e-04 
 8.90000000e-01  6.17185271e-04 
 9.00000000e-01  7.19075744e-04 
 9.10000000e-01  8.34818170e-04 
 9.20000000e-01  9.64646856e-04 
 9.30000000e-01  1.10847337e-03 
 9.40000000e-01  1.26593360e-03 
 9.50000000e-01  1.43645244e-03 
 9.60000000e-01  1.61931251e-03 
 9.70000000e-01  1.81371660e-03 
 9.80000000e-01  2.01883839e-03 
 9.90000000e-01  2.23385997e-03 
 1.00000000e+00  2.45799714e-03 
 1.01000000e+00  2.69051475e-03 
 1.02000000e+00  2.93073455e-03 
 1.03000000e+00  3.17803783e-03 
 1.04000000e+00  3.43186468e-03 
 1.05000000e+00  3.69171106e-03 
 1.06000000e+00  3.95712485e-03 
 1.07000000e+00  4.22770136e-03 
 1.08000000e+00  4.50307872e-03 
 1.09000000e+00  4.78293344e-03 
 1.10000000e+00  5.06697627e-03 
 1.11000000e+00  5.35494840e-03 
 1.12000000e+00  5.64661797e-03 
 1.13000000e+00  5.94177709e-03 
 1.14000000e+00  6.24023905e-03 
 1.15000000e+00  6.54183596e-03 
 1.16000000e+00  6.84641659e-03 
 1.17000000e+00  7.15384456e-03 
 1.18000000e+00  7.46399669e-03 
 1.19000000e+00  7.77676154e-03 
 1.20000000e+00  8.09203820e-03 
 1.21000000e+00  8.40973512e-03 
 1.22000000e+00  8.72976921e-03 
 1.23000000e+00  9.05206492e-03 
 1.24000000e+00  9.37655351e-03 
 1.25000000e+00  9.70317237e-03 
 1.26000000e+00  1.00318644e-02 
 1.27000000e+00  1.03625777e-02 
 1.28000000e+00  1.06952646e-02 
 1.29000000e+00  1.10298818e-02 
 1.30000000e+00  1.13663897e-02 
 1.31000000e+00  1.17047522e-02 
 1.32000000e+00  1.20449363e-02 
 1.33000000e+00  1.23869117e-02 
 1.34000000e+00  1.27306510e-02 
 1.35000000e+00  1.30761292e-02 
 1.36000000e+00  1.34233233e-02 
 1.37000000e+00  1.37722126e-02 
 1.38000000e+00  1.41227782e-02 
 1.39000000e+00  1.44750030e-02 
 1.40000000e+00  1.48288715e-02 
 1.41000000e+00  1.51843696e-02 
 1.42000000e+00  1.55414850e-02 
 1.43000000e+00  1.59002063e-02 
 1.44000000e+00  1.62605236e-02 
 1.45000000e+00  1.66224279e-02 
 1.46000000e+00  1.69859117e-02 
 1.47000000e+00  1.73509680e-02 
 1.48000000e+00  1.77175912e-02 
 1.49000000e+00  1.80857764e-02 
 1.50000000e+00  1.84555197e-02 
 1.51000000e+00  1.88268177e-02 
 1.52000000e+00  1.91996681e-02 
 1.53000000e+00  1.95740692e-02 
 1.54000000e+00  1.99500201e-02 
 1.55000000e+00  2.03275204e-02 
 1.56000000e+00  2.07065705e-02 
 1.57000000e+00  2.10871714e-02 
 1.58000000e+00  2.14693246e-02 
 1.59000000e+00  2.18530322e-02 
 1.60000000e+00  2.22382969e-02 
 1.61000000e+00  2.26251221e-02 
 1.62000000e+00  2.30135113e-02 
 1.63000000e+00  2.34034689e-02 
 1.64000000e+00  2.37949997e-02 
 1.65000000e+00  2.41881089e-02 
 1.66000000e+00  2.45828022e-02 
 1.67000000e+00  2.49790859e-02 
 1.68000000e+00  2.53769665e-02 
 1.69000000e+00  2.57764513e-02 
 1.70000000e+00  2.61775476e-02 
 1.71000000e+00  2.65802637e-02 
 1.72000000e+00  2.69846078e-02 
 1.73000000e+00  2.73905889e-02 
 1.74000000e+00  2.77982162e-02 
 1.75000000e+00  2.82074996e-02 
 1.76000000e+00  2.86184491e-02 
 1.77000000e+00  2.90310753e-02 
 1.78000000e+00  2.94453893e-02 
 1.79000000e+00  2.98614025e-02 
 1.80000000e+00  3.02791268e-02 
