-1.80000000e+00 -4.08259950e-08 
-1.79000000e+00 -4.06188576e-08 
-1.78000000e+00 -4.04116918e-08 
-1.77000000e+00 -4.02045259e-08 
-1.76000000e+00 -3.99973885e-08 
-1.75000000e+00 -3.97902227e-08 
-1.74000000e+00 -3.95830853e-08 
-1.73000000e+00 -3.93759194e-08 
-1.72000000e+00 -3.91687536e-08 
-1.71000000e+00 -3.89616730e-08 
-1.70000000e+00 -3.87545072e-08 
-1.69000000e+00 -3.85473982e-08 
-1.68000000e+00 -3.83402607e-08 
-1.67000000e+00 -3.81331517e-08 
-1.66000000e+00 -3.79260143e-08 
-1.65000000e+00 -3.77189053e-08 
-1.64000000e+00 -3.75117963e-08 
-1.63000000e+00 -3.73046589e-08 
-1.62000000e+00 -3.70975499e-08 
-1.61000000e+00 -3.68904693e-08 
-1.60000000e+00 -3.66833319e-08 
-1.59000000e+00 -3.64762514e-08 
-1.58000000e+00 -3.62691708e-08 
-1.57000000e+00 -3.60620618e-08 
-1.56000000e+00 -3.58549812e-08 
-1.55000000e+00 -3.56479291e-08 
-1.54000000e+00 -3.54408201e-08 
-1.53000000e+00 -3.52337679e-08 
-1.52000000e+00 -3.50266873e-08 
-1.51000000e+00 -3.48196352e-08 
-1.50000000e+00 -3.46125262e-08 
-1.49000000e+00 -3.44054740e-08 
-1.48000000e+00 -3.41983935e-08 
-1.47000000e+00 -3.39912845e-08 
-1.46000000e+00 -3.37842323e-08 
-1.45000000e+00 -3.35772086e-08 
-1.44000000e+00 -3.33701564e-08 
-1.43000000e+00 -3.31631043e-08 
-1.42000000e+00 -3.29560521e-08 
-1.41000000e+00 -3.27490000e-08 
-1.40000000e+00 -3.25419762e-08 
-1.39000000e+00 -3.23349525e-08 
-1.38000000e+00 -3.21279288e-08 
-1.37000000e+00 -3.19208766e-08 
-1.36000000e+00 -3.17138245e-08 
-1.35000000e+00 -3.15068291e-08 
-1.34000000e+00 -3.12997770e-08 
-1.33000000e+00 -3.10928101e-08 
-1.32000000e+00 -3.08857864e-08 
-1.31000000e+00 -3.06787626e-08 
-1.30000000e+00 -3.04717389e-08 
-1.29000000e+00 -3.02646868e-08 
-1.28000000e+00 -3.00576630e-08 
-1.27000000e+00 -2.98506961e-08 
-1.26000000e+00 -2.96437008e-08 
-1.25000000e+00 -2.94366771e-08 
-1.24000000e+00 -2.92297102e-08 
-1.23000000e+00 -2.90227149e-08 
-1.22000000e+00 -2.88156912e-08 
-1.21000000e+00 -2.86086959e-08 
-1.20000000e+00 -2.84016721e-08 
-1.19000000e+00 -2.81947052e-08 
-1.18000000e+00 -2.79877668e-08 
-1.17000000e+00 -2.77807146e-08 
-1.16000000e+00 -2.75737762e-08 
-1.15000000e+00 -2.73667808e-08 
-1.14000000e+00 -2.71598140e-08 
-1.13000000e+00 -2.69528186e-08 
-1.12000000e+00 -2.67458518e-08 
-1.11000000e+00 -2.65389133e-08 
-1.10000000e+00 -2.63318896e-08 
-1.09000000e+00 -2.61249227e-08 
-1.08000000e+00 -2.59179274e-08 
-1.07000000e+00 -2.57109605e-08 
-1.06000000e+00 -2.55040220e-08 
-1.05000000e+00 -2.52969983e-08 
-1.04000000e+00 -2.50900598e-08 
-1.03000000e+00 -2.48830929e-08 
-1.02000000e+00 -2.46761260e-08 
-1.01000000e+00 -2.44691023e-08 
-1.00000000e+00 -2.42621354e-08 
-9.90000000e-01 -2.40551685e-08 
-9.80000000e-01 -2.38481732e-08 
-9.70000000e-01 -2.36412063e-08 
-9.60000000e-01 -2.34342394e-08 
-9.50000000e-01 -2.32272441e-08 
-9.40000000e-01 -2.30202488e-08 
-9.30000000e-01 -2.28132535e-08 
-9.20000000e-01 -2.26062582e-08 
-9.10000000e-01 -2.23992913e-08 
-9.00000000e-01 -2.21922676e-08 
-8.90000000e-01 -2.19852865e-08 
-8.80000000e-01 -2.17782770e-08 
-8.70000000e-01 -2.15712532e-08 
-8.60000000e-01 -2.13642153e-08 
-8.50000000e-01 -2.11572200e-08 
-8.40000000e-01 -2.09501820e-08 
-8.30000000e-01 -2.07431299e-08 
-8.20000000e-01 -2.05360777e-08 
-8.10000000e-01 -2.03290398e-08 
-8.00000000e-01 -2.01219734e-08 
-7.90000000e-01 -1.99148928e-08 
-7.80000000e-01 -1.97077981e-08 
-7.70000000e-01 -1.95007317e-08 
-7.60000000e-01 -1.92936085e-08 
-7.50000000e-01 -1.90864711e-08 
-7.40000000e-01 -1.88793479e-08 
-7.30000000e-01 -1.86722104e-08 
-7.20000000e-01 -1.84650730e-08 
-7.10000000e-01 -1.82578788e-08 
-7.00000000e-01 -1.80506419e-08 
-6.90000000e-01 -1.78434334e-08 
-6.80000000e-01 -1.76361965e-08 
-6.70000000e-01 -1.74289312e-08 
-6.60000000e-01 -1.72216517e-08 
-6.50000000e-01 -1.70143295e-08 
-6.40000000e-01 -1.68069931e-08 
-6.30000000e-01 -1.65995999e-08 
-6.20000000e-01 -1.63922209e-08 
-6.10000000e-01 -1.61847709e-08 
-6.00000000e-01 -1.59772782e-08 
-5.90000000e-01 -1.57697571e-08 
-5.80000000e-01 -1.55621933e-08 
-5.70000000e-01 -1.53545727e-08 
-5.60000000e-01 -1.51469237e-08 
-5.50000000e-01 -1.49392037e-08 
-5.40000000e-01 -1.47314267e-08 
-5.30000000e-01 -1.45235930e-08 
-5.20000000e-01 -1.43156740e-08 
-5.10000000e-01 -1.41076981e-08 
-5.00000000e-01 -1.38996370e-08 
-4.90000000e-01 -1.36914764e-08 
-4.80000000e-01 -1.34832305e-08 
-4.70000000e-01 -1.32748852e-08 
-4.60000000e-01 -1.30664262e-08 
-4.50000000e-01 -1.28578392e-08 
-4.40000000e-01 -1.26491315e-08 
-4.30000000e-01 -1.24402675e-08 
-4.20000000e-01 -1.22312542e-08 
-4.10000000e-01 -1.20220491e-08 
-4.00000000e-01 -1.18126948e-08 
-3.90000000e-01 -1.16030918e-08 
-3.80000000e-01 -1.13932828e-08 
-3.70000000e-01 -1.11832108e-08 
-3.60000000e-01 -1.09728617e-08 
-3.50000000e-01 -1.07622142e-08 
-3.40000000e-01 -1.05512186e-08 
-3.30000000e-01 -1.03398392e-08 
-3.20000000e-01 -1.01280477e-08 
-3.10000000e-01 -9.91577309e-09 
-3.00000000e-01 -9.70297265e-09 
-2.90000000e-01 -9.48957535e-09 
-2.80000000e-01 -9.27549593e-09 
-2.70000000e-01 -9.06067754e-09 
-2.60000000e-01 -8.84497808e-09 
-2.50000000e-01 -8.62829097e-09 
-2.40000000e-01 -8.41048831e-09 
-2.30000000e-01 -8.19138535e-09 
-2.20000000e-01 -7.97078670e-09 
-2.10000000e-01 -7.74846498e-09 
-2.00000000e-01 -7.52411822e-09 
-1.90000000e-01 -7.29741245e-09 
-1.80000000e-01 -7.06792491e-09 
-1.70000000e-01 -6.83514401e-09 
-1.60000000e-01 -6.59843380e-09 
-1.50000000e-01 -6.35702335e-09 
-1.40000000e-01 -6.10992146e-09 
-1.30000000e-01 -5.85590954e-09 
-1.20000000e-01 -5.59343860e-09 
-1.10000000e-01 -5.32053868e-09 
-1.00000000e-01 -5.03467312e-09 
-9.00000000e-02 -4.73260187e-09 
-8.00000000e-02 -4.41011139e-09 
-7.00000000e-02 -4.06177669e-09 
-6.00000000e-02 -3.68056874e-09 
-5.00000000e-02 -3.25743077e-09 
-4.00000000e-02 -2.78082446e-09 
-3.00000000e-02 -2.23623697e-09 
-2.00000000e-02 -1.60585989e-09 
-1.00000000e-02 -8.68494388e-10 
 1.41900380e-15  1.33384994e-22 
 1.00000000e-02  1.20675203e-09 
 2.00000000e-02  3.09148085e-09 
 3.00000000e-02  5.94604277e-09 
 4.00000000e-02  1.01777644e-08 
 5.00000000e-02  1.63494693e-08 
 6.00000000e-02  2.52304631e-08 
 7.00000000e-02  3.78604490e-08 
 8.00000000e-02  5.56283464e-08 
 9.00000000e-02  8.03677871e-08 
 1.00000000e-01  1.14470803e-07 
 1.10000000e-01  1.61020919e-07 
 1.20000000e-01  2.23946557e-07 
 1.30000000e-01  3.08195727e-07 
 1.40000000e-01  4.19933006e-07 
 1.50000000e-01  5.66759940e-07 
 1.60000000e-01  7.57960141e-07 
 1.70000000e-01  1.00476930e-06 
 1.80000000e-01  1.32066828e-06 
 1.90000000e-01  1.72169349e-06 
 2.00000000e-01  2.22675215e-06 
 2.10000000e-01  2.85792269e-06 
 2.20000000e-01  3.64071080e-06 
 2.30000000e-01  4.60422471e-06 
 2.40000000e-01  5.78122760e-06 
 2.50000000e-01  7.20802678e-06 
 2.60000000e-01  8.92416741e-06 
 2.70000000e-01  1.09719155e-05 
 2.80000000e-01  1.33955384e-05 
 2.90000000e-01  1.62404168e-05 
 3.00000000e-01  1.95520484e-05 
 3.10000000e-01  2.33750183e-05 
 3.20000000e-01  2.77520179e-05 
 3.30000000e-01  3.27229875e-05 
 3.40000000e-01  3.83244390e-05 
 3.50000000e-01  4.45889915e-05 
 3.60000000e-01  5.15451264e-05 
 3.70000000e-01  5.92171462e-05 
 3.80000000e-01  6.76253034e-05 
 3.90000000e-01  7.67860589e-05 
 4.00000000e-01  8.67124256e-05 
 4.10000000e-01  9.74143552e-05 
 4.20000000e-01  1.08899134e-04 
 4.30000000e-01  1.21171762e-04 
 4.40000000e-01  1.34235290e-04 
 4.50000000e-01  1.48091119e-04 
 4.60000000e-01  1.62739230e-04 
 4.70000000e-01  1.78178366e-04 
 4.80000000e-01  1.94406156e-04 
 4.90000000e-01  2.11419182e-04 
 5.00000000e-01  2.29212997e-04 
 5.10000000e-01  2.47782090e-04 
 5.20000000e-01  2.67119814e-04 
 5.30000000e-01  2.87218253e-04 
 5.40000000e-01  3.08068059e-04 
 5.50000000e-01  3.29658229e-04 
 5.60000000e-01  3.51975833e-04 
 5.70000000e-01  3.75005687e-04 
 5.80000000e-01  3.98729953e-04 
 5.90000000e-01  4.23127668e-04 
 6.00000000e-01  4.48174172e-04 
 6.10000000e-01  4.73840429e-04 
 6.20000000e-01  5.00092220e-04 
 6.30000000e-01  5.26889169e-04 
 6.40000000e-01  5.54183598e-04 
 6.50000000e-01  5.81919167e-04 
 6.60000000e-01  6.10029305e-04 
 6.70000000e-01  6.38435442e-04 
 6.80000000e-01  6.67045157e-04 
 6.90000000e-01  6.95750463e-04 
 7.00000000e-01  7.24426807e-04 
 7.10000000e-01  7.52933885e-04 
 7.20000000e-01  7.81120369e-04 
 7.30000000e-01  8.08836141e-04 
 7.40000000e-01  8.35957240e-04 
 7.50000000e-01  8.62428517e-04 
 7.60000000e-01  8.88322162e-04 
 7.70000000e-01  9.13891438e-04 
 7.80000000e-01  9.39576837e-04 
 7.90000000e-01  9.65932293e-04 
 8.00000000e-01  9.93502737e-04 
 8.10000000e-01  1.02273509e-03 
 8.20000000e-01  1.05396969e-03 
 8.30000000e-01  1.08749016e-03 
 8.40000000e-01  1.12358787e-03 
 8.50000000e-01  1.16261690e-03 
 8.60000000e-01  1.20503505e-03 
 8.70000000e-01  1.25143377e-03 
 8.80000000e-01  1.30255901e-03 
 8.90000000e-01  1.35932180e-03 
 9.00000000e-01  1.42279443e-03 
 9.10000000e-01  1.49418653e-03 
 9.20000000e-01  1.57479615e-03 
 9.30000000e-01  1.66593540e-03 
 9.40000000e-01  1.76883662e-03 
 9.50000000e-01  1.88455331e-03 
 9.60000000e-01  2.01387444e-03 
 9.70000000e-01  2.15726921e-03 
 9.80000000e-01  2.31487196e-03 
 9.90000000e-01  2.48650579e-03 
 1.00000000e+00  2.67173468e-03 
 1.01000000e+00  2.86992998e-03 
 1.02000000e+00  3.08033800e-03 
 1.03000000e+00  3.30213972e-03 
 1.04000000e+00  3.53449808e-03 
 1.05000000e+00  3.77659226e-03 
 1.06000000e+00  4.02764007e-03 
 1.07000000e+00  4.28691121e-03 
 1.08000000e+00  4.55373350e-03 
 1.09000000e+00  4.82749445e-03 
 1.10000000e+00  5.10763979e-03 
 1.11000000e+00  5.39367019e-03 
 1.12000000e+00  5.68513702e-03 
 1.13000000e+00  5.98163777e-03 
 1.14000000e+00  6.28281142e-03 
 1.15000000e+00  6.58833405e-03 
 1.16000000e+00  6.89791471e-03 
 1.17000000e+00  7.21129166e-03 
 1.18000000e+00  7.52822907e-03 
 1.19000000e+00  7.84851395e-03 
 1.20000000e+00  8.17195355e-03 
 1.21000000e+00  8.49837299e-03 
 1.22000000e+00  8.82761319e-03 
 1.23000000e+00  9.15952910e-03 
 1.24000000e+00  9.49398806e-03 
 1.25000000e+00  9.83086846e-03 
 1.26000000e+00  1.01700585e-02 
 1.27000000e+00  1.05114550e-02 
 1.28000000e+00  1.08549626e-02 
 1.29000000e+00  1.12004931e-02 
 1.30000000e+00  1.15479641e-02 
 1.31000000e+00  1.18972990e-02 
 1.32000000e+00  1.22484263e-02 
 1.33000000e+00  1.26012786e-02 
 1.34000000e+00  1.29557928e-02 
 1.35000000e+00  1.33119093e-02 
 1.36000000e+00  1.36695719e-02 
 1.37000000e+00  1.40287272e-02 
 1.38000000e+00  1.43893244e-02 
 1.39000000e+00  1.47513152e-02 
 1.40000000e+00  1.51146535e-02 
 1.41000000e+00  1.54792951e-02 
 1.42000000e+00  1.58451976e-02 
 1.43000000e+00  1.62123203e-02 
 1.44000000e+00  1.65806238e-02 
 1.45000000e+00  1.69500702e-02 
 1.46000000e+00  1.73206227e-02 
 1.47000000e+00  1.76922458e-02 
 1.48000000e+00  1.80649049e-02 
 1.49000000e+00  1.84385662e-02 
 1.50000000e+00  1.88131970e-02 
 1.51000000e+00  1.91887653e-02 
 1.52000000e+00  1.95652399e-02 
 1.53000000e+00  1.99425900e-02 
 1.54000000e+00  2.03207856e-02 
 1.55000000e+00  2.06997975e-02 
 1.56000000e+00  2.10795966e-02 
 1.57000000e+00  2.14601546e-02 
 1.58000000e+00  2.18414436e-02 
 1.59000000e+00  2.22234360e-02 
 1.60000000e+00  2.26061049e-02 
 1.61000000e+00  2.29894235e-02 
 1.62000000e+00  2.33733655e-02 
 1.63000000e+00  2.37579049e-02 
 1.64000000e+00  2.41430162e-02 
 1.65000000e+00  2.45286741e-02 
 1.66000000e+00  2.49148536e-02 
 1.67000000e+00  2.53015300e-02 
 1.68000000e+00  2.56886790e-02 
 1.69000000e+00  2.60762766e-02 
 1.70000000e+00  2.64642989e-02 
 1.71000000e+00  2.68527224e-02 
 1.72000000e+00  2.72415241e-02 
 1.73000000e+00  2.76306808e-02 
 1.74000000e+00  2.80201701e-02 
 1.75000000e+00  2.84099696e-02 
 1.76000000e+00  2.88000572e-02 
 1.77000000e+00  2.91904110e-02 
 1.78000000e+00  2.95810097e-02 
 1.79000000e+00  2.99718319e-02 
 1.80000000e+00  3.03628568e-02 
